D = 5.31501450067
H = 88.2754298605

