D = 5.068573344
H = 92.5692674847

