D = 4.31129592097
H = 75.4191405129

